A 6 13 2 14
A 19 22 15 23
A 14 5 7 7
B 22 11 24 12
B 19 6 22 7
B 16 12 13 13
B 10 0 4 1
B 9 20 20 23
B 19 10 1 11
C 19 16 21 18
C 13 10 15 13
C 18 8 23 12
C 15 17 24 21
C 24 0 8 4
D 6 20 8 24
D 16 6 23 24
E 20 5 22 9
E 6 0 9 5
E 4 18 15 24
F 19 19 17 21
F 2 3 6 3
F 19 2 24 2
F 9 14 13 21
F 20 9 3 21
G 4 10 6 14
G 17 2 17 8
G 0 15 2 21
G 23 19 18 23
H 10 1 10 13
I 8 12 10 21
J 19 9 20 13
J 5 4 2 7
J 11 0 13 5
J 16 16 9 22
J 7 12 0 24
K 22 4 24 4
K 21 11 19 12
K 1 0 3 3
K 11 14 19 15
K 1 6 4 23
L 17 14 18 16
L 20 11 22 15
L 8 13 9 21
L 24 5 0 20
M 18 1 18 2
M 19 8 20 10
M 22 17 24 19
M 14 10 14 17
M 20 4 24 10
M 6 18 0 22
M 1 9 16 24
N 16 1 16 2
N 0 0 7 8
N 0 19 19 20
O 12 12 11 13
O 4 5 2 6
O 21 12 20 15
O 10 3 5 14
P 11 9 9 10
P 11 19 11 24
P 19 18 6 21
P 24 1 3 5
Q 0 9 2 11
Q 23 7 16 10
Q 4 16 15 20
R 8 14 8 15
R 16 5 13 8
R 6 6 2 8
R 13 14 9 16
R 11 3 8 11
R 1 3 16 21
S 9 23 12 24
S 23 5 20 7
S 19 1 14 2
S 6 1 0 3
S 3 16 20 24
T 3 6 0 10
T 8 9 4 13
T 13 12 0 21
U 3 22 2 23
U 8 0 12 0
U 6 7 17 12
U 11 23 24 23
V 20 22 22 22
V 20 1 22 8
V 10 9 11 22
W 13 6 14 6
W 0 14 0 16
W 19 0 21 1
W 4 7 3 10
W 14 1 9 2
W 9 13 7 18
W 23 21 9 24
X 1 7 0 8
X 16 14 16 17
X 2 2 13 19
Z 5 6 5 7
Z 21 5 19 7
Z 9 1 7 4
Z 10 16 7 21
Z 17 4 1 15
